0 0.3315434840748373 0.5978048527382881 0.12307793507002263 0.06427735870696819
0 0.5799210179875681 0.5023663828528939 0.08143409057054055 0.04074701680591382
0 0.48680671877335635 0.5030295691264601 0.0783818651776464 0.04218218281352506
0 0.50998735359571 0.46294839718734987 0.060757717535011226 0.0321068458553869
0 0.7721405971855692 0.42800175832859483 0.047893844499482086 0.0237850098858317
0 0.5663101282028158 0.4622188853243518 0.052872442927905536 0.03022601087441501
0 0.6985211606678045 0.4270878571497313 0.04320634449948209 0.023594008897248563
0 0.6890391528099217 0.458783526123092 0.057705492142117266 0.03354201186299797
0 0.08448654755707266 0.6039579881370019 0.05559933664159915 0.05528967787060921
0 0.2247476745215434 0.5904154584795067 0.09280823821317571 0.05056768577927464
0 0.28469840922006245 0.49952386163553664 0.06388271753501132 0.03223417984777566
0 0.6580609805601807 0.4490875325488827 0.06232021753501123 0.032170512851581276
0 0.743105914596746 0.409616514260094 0.035102746071058635 0.017025673916276674
0 0.23279130686269758 0.5110317060080487 0.08448631596343477 0.03931185079830275