0 0.5024001402073475 0.25948824649684227 0.10245661465389269 0.05503792848861026
0 0.5192291140880657 0.20633142452641057 0.0687433559474652 0.03517196757828502
0 0.3992275525772479 0.2969400622583561 0.07029921189493056 0.06485946757828502
0 0.6695190411572872 0.1846482589146779 0.05624335594746519 0.03415160151720871
1 0.6862218622790432 0.14405520982306347 0.07556656603337367 0.046619650608823185
0 0.8202626696059896 0.15665132042412794 0.06273901741285463 0.03934928454774687
0 0.9886707536180446 0.12205369556906001 0.022658492763910944 0.01986596091032524
0 0.7670591044771273 0.1445178533048849 0.041935194482076096 0.02831618969849794
0 0.8557188127540133 0.09962019936208184 0.046868355947465544 0.033386326971401516
0 0.362654887493814 0.19792847741104683 0.02318519448207601 0.026785640606883508
0 0.9908949949116174 0.08586110405379092 0.018210010176765223 0.016230777879787085