0 0.47515867958942914 0.3672582690780188 0.07485615626060227 0.04190685633066593
0 0.3226586729660072 0.4191089155867266 0.08595734736759483 0.046785271103318316
0 0.1790897222403678 0.4387919444006826 0.0860119110699257 0.04834777110331849
0 0.5769766399337154 0.3358116258157218 0.05572421034428636 0.03064207386326192
0 0.36919885626845145 0.3831617329571667 0.06693452885594056 0.038645488635914306
0 0.7243427132546932 0.31918541315438986 0.07167659255827133 0.04028980925276535
0 0.061956785942698656 0.4392749598219582 0.08434028366526396 0.045195497564368026
0 0.7669766465571375 0.28330641437220583 0.0448958377489479 0.033576159090609535
0 0.7293129554501447 0.28864847930701404 0.03826389183263181 0.022529564934808198
0 0.026872490929507324 0.4501812321430926 0.05374498185901465 0.04338753571381489
0 0.8324478791339424 0.26420581250576675 0.03670139183263217 0.02250229139585782