0 0.6589439464259822 0.378125 0.09459547970746059 0.0484375
0 0.7711069813290183 0.3140625 0.05361592370110628 0.028125
0 0.7394711976437982 0.33671875 0.06627956493480802 0.0375
0 0.6604558534879968 0.33046875 0.0645806972400564 0.0296875
0 0.4241598433417272 0.3546875 0.06617047077900687 0.03125
0 0.8599649297868908 0.30234375 0.05983865016215582 0.0265625
0 0.8804041148520826 0.26484375 0.03163182954530477 0.021875
2 0.6855961753226639 0.29375 0.012854556006354479 0.0203125
0 0.32411102475347103 0.44140625 0.033276150162155814 0.0265625
0 0.852692172076253 0.24375 0.03157728246740419 0.01875
0 0.36931443059766966 0.43515625 0.05838524431795715 0.0328125