0 0.455964489759005 0.3414204141380547 0.10447466837349921 0.05888556738935167
0 0.4738569160250119 0.2903753239872676 0.06900760523343692 0.03712814458064804
0 0.3507008661097165 0.3691168957119437 0.0722992052052021 0.06695234561740726
0 0.6249944817959101 0.2839673735161562 0.05807010523343692 0.0361712373233332
1 0.6429856185993781 0.24470938388374872 0.0774571420651398 0.04874914976444433
0 0.7773228212443315 0.2705965235634244 0.0646841262801244 0.042968041470370276
0 0.9542339317394404 0.25309453968046114 0.0370295631400623 0.021894123845462944
0 0.7241446133377062 0.25338033779523006 0.042172089448421345 0.030116726955740702
0 0.8149740106645179 0.21735394637212804 0.04860409997176518 0.033788531102777686
0 0.31819845022587895 0.266548970311342 0.024984589448421433 0.028613015551388798
0 0.9555458027578929 0.2170886891620815 0.030597552616718815 0.01822231969842587