0 0.5301288044788164 0.4072917797619061 0.07260697351689646 0.037318329734219446
0 0.37600938703022024 0.42774757479697395 0.08365373416055819 0.03958173658176474
0 0.23225938703022023 0.41853565622923644 0.08230975544788163 0.042606607032115384
0 0.6320519373985374 0.39671283003876123 0.053310670298587756 0.028304275138427572
0 0.4232068151224781 0.40199540561092756 0.06457595222957302 0.03369268198597286
0 0.7799813390076916 0.410081322480622 0.06781021287323466 0.03545544108527139
0 0.11476053059360289 0.395451004780362 0.08209123416055819 0.03948160703211538
0 0.8232178867781187 0.3832975794204524 0.04259169158591121 0.03072836829088237
0 0.7857178867781187 0.3808944702288687 0.037248627723940865 0.0210529796419344
0 0.0658695625245881 0.3969844239664084 0.07740373416055817 0.03918121838316742
0 0.8889139425943174 0.37739683528054857 0.03568612772394068 0.020952850092285046