0 0.4358179070543752 0.5605088124584728 0.07548467887824373 0.043768588833518154
0 0.3737749304601235 0.5355100100221494 0.048267081637205764 0.029566386489479513
0 0.1871967005865115 0.6302253254152828 0.11199538896415207 0.05700906847545255
1 0.5385987483025193 0.6348357888612047 0.21625352103089918 0.14466735965300898
0 0.19921866576080244 0.562476620911776 0.06257524310259503 0.03515505243632351
0 0.5947082281761313 0.5317596560723529 0.049911468792335614 0.031229016039129042
0 0.508893558908826 0.5285962808416402 0.06438340456798422 0.039942681985972686
0 0.5885500814100632 0.4885405821982296 0.029025758706427318 0.018989831893687813
0 0.41896792175369624 0.5212763317368042 0.041771420171816585 0.024478368290882457
0 0.5540865502023987 0.5143626025562952 0.049829581637205855 0.029666516039128864
0 0.7022883548158114 0.4748063540974547 0.029189533016686652 0.022114831893687813