0 0.41300197523993837 0.5399059859368641 0.07247501785690744 0.03772263192686935
0 0.35467127799988196 0.5075258254739474 0.04572160308425506 0.025547963606069857
0 0.15137472848634928 0.5776798519430801 0.10857615909060954 0.04877144789030421
1 0.502701449265356 0.6252677512383451 0.20517051542127546 0.1266481989237615
0 0.1752156030809598 0.5124379956567738 0.06140115016215577 0.02940070967712849
0 0.5775593530809597 0.5311774569865321 0.04731137662320535 0.02718323821317572
0 0.4914582118472578 0.51779985359571 0.061482970779006864 0.034088209677128486
0 0.5791530807598255 0.48831786889719087 0.02839773538950343 0.01693494292790536
0 0.40293149999670475 0.499625588294229 0.03938978246740401 0.020569365177646404
0 0.5397047970746054 0.5091183664159915 0.047284103084255055 0.02562073821317572
0 0.6954775101429744 0.4890520771265773 0.02688978246740419 0.019987168320799498