0 0.29609375 0.59609375 0.1171875 0.05078125
0 0.55390625 0.52890625 0.07734375 0.0328125
0 0.4609375 0.51953125 0.075 0.03359375
0 0.4890625 0.48203125 0.05703125 0.025
0 0.753125 0.4765625 0.0453125 0.01953125
0 0.54453125 0.4875 0.04921875 0.02421875
0 0.6796875 0.4671875 0.040625 0.01875
0 0.6671875 0.49765625 0.05390625 0.02734375
0 0.05 0.575 0.05 0.04921875
0 0.190625 0.57734375 0.0875 0.040625
0 0.2609375 0.49375 0.06015625 0.025
0 0.6375 0.484375 0.059375 0.025
0 0.7265625 0.4546875 0.03359375 0.0140625
0 0.2078125 0.49921875 0.08125 0.0296875