1 0.7224984295273804 0.4981979507005215 0.343015902734855 0.20916332655673636
0 0.5577818384711533 0.3777367142838894 0.08038887272903601 0.04865701196784729
0 0.687421412108575 0.3525756729651047 0.06530600666795969 0.03582970364722229
0 0.4577341699844827 0.42393760742628517 0.11578423879011232 0.061957098973819666
0 0.6359067095331994 0.3412011086605561 0.05516573212215263 0.02623649810013893
0 0.8642067948395507 0.2580658728126049 0.054496052425594146 0.03713763050895835
2 0.4866721130169605 0.36668880508958374 0.01766573212215263 0.02536367591180557
0 0.8006705822622354 0.2980719705521535 0.03616064060688338 0.022675087005972296
0 0.7636329678681492 0.3011235821594104 0.039158094849248926 0.021185322188333355
0 0.3570963122583561 0.3910685964083684 0.06674096091032525 0.034303571238402775
0 0.33581124362190434 0.39292138392743087 0.10513378121376693 0.04611389342673622
2 0.47235452150169144 0.3694864967689587 0.014285640606883554 0.022165940729444424