0 0.6870902644363892 0.4345153507767714 0.09651263050895835 0.053780923062013916
0 0.8112719936348267 0.40226850807121595 0.05537848423243048 0.030960365691319502
0 0.7756618019554518 0.41549455347406317 0.06653418977951375 0.04058993882958326
0 0.700098104292153 0.3895301590973964 0.06478985182361115 0.032741071238402863
0 0.4633605172861808 0.3496636528291323 0.06638871941479181 0.03433993882958344
0 0.9013703167730907 0.41529714456409794 0.06002961664125017 0.029506968464861318
0 0.9303122811538891 0.3839568787965285 0.03175914627652787 0.022602351823611144
2 0.7330008700597225 0.36062456230777834 0.012972778685347209 0.020603440729444422
0 0.3452294195466322 0.4070377821038198 0.033467116641249996 0.02888871941479181
0 0.9078008483082295 0.35610398252000075 0.03172277868534721 0.021039851823611143
0 0.39143227232017397 0.4127981260436462 0.05861258700597229 0.035720600873680654