1 0.7788244706807232 0.512007501978557 0.32858633538669524 0.2015531059642724
0 0.6050099700477511 0.3844183964099962 0.07814484736759475 0.04754024122451135
0 0.7330704826616229 0.36395043520636733 0.0636458377489479 0.03463106426490725
0 0.5089360674153459 0.4268893897460785 0.11290179328391084 0.05947795157021041
0 0.6803175048941414 0.35070863763450755 0.053943455534962936 0.024983279625171127
0 0.9009722560752678 0.27752250488155095 0.05120040145127902 0.03582985141192578
2 0.5335069922802698 0.37063102955866417 0.016498019237293705 0.025454641066226812
0 0.8405903167823737 0.31400792266995503 0.035084328130301046 0.02131271034569897
0 0.8039806941870354 0.316064516164322 0.03659226442797028 0.0197956744523216
0 0.4054191978152325 0.390317740762293 0.06353671034428636 0.03150606426490725
0 0.384352729666398 0.3904852253228868 0.10136409255827142 0.04197220282385157
2 0.5187450878337659 0.3725428705457487 0.011701391832631991 0.02219324874635884