0 0.338811715473951 0.6521354244057244 0.12623884783255326 0.07882611485312836
0 0.5790136097327323 0.5658463354755291 0.08303267589344294 0.05038237939699588
0 0.48626769421941274 0.5637261128962743 0.08153384288963732 0.05181733363936125
0 0.5064236853221642 0.5233242535031577 0.062338173916276676 0.03934928454774678
0 0.7639205089344296 0.49840309927049065 0.04951983893530461 0.030516418486670638
0 0.5617651013297754 0.5247271278991837 0.054398339923887915 0.035586555759574166
0 0.6905785094287212 0.4947521986616675 0.044768671939110403 0.02857128121376693
0 0.6840711828507062 0.5261457198734949 0.059276840912470874 0.040656693032477875
0 0.0934501359301865 0.650015717578285 0.0601045118629981 0.06096919303247787
0 0.2317167984777566 0.6418360400077587 0.0943521778706093 0.06065019970043757
0 0.2849280287060931 0.5527414601614191 0.06546317391627668 0.039604376063016034
0 0.6524710143716371 0.515001054720804 0.06390067391627667 0.039476830305381405
0 0.7335008384781941 0.4780109798754345 0.03670150395433254 0.021683552425594322
0 0.23315728167184263 0.5625311772806623 0.08609400889724857 0.04907497091226496