2 0.26640625 0.20703125 0.01796875 0.09453125
0 0.42734375 0.21796875 0.04921875 0.05546875
0 0.53125 0.23984375 0.1078125 0.09140625
0 0.64453125 0.20859375 0.04453125 0.0203125
0 0.5859375 0.2078125 0.04765625 0.0203125
0 0.72421875 0.20546875 0.0359375 0.02109375
0 0.7609375 0.2078125 0.028125 0.01953125
0 0.821875 0.20546875 0.02578125 0.0234375
0 0.8578125 0.203125 0.04453125 0.03046875
0 0.9625 0.21015625 0.05234375 0.02578125
2 0.85625 0.2265625 0.0078125 0.040625
2 0.7828125 0.2109375 0.00703125 0.0234375
2 0.7765625 0.209375 0.0078125 0.028125