0 0.17265625 0.32265625 0.06875 0.04375
0 0.2421875 0.31171875 0.06484375 0.04375
0 0.30078125 0.309375 0.06015625 0.0390625
0 0.5453125 0.3265625 0.07265625 0.06015625
0 0.66796875 0.31484375 0.0703125 0.06484375
0 0.82890625 0.31015625 0.0296875 0.03671875
0 0.7953125 0.3125 0.0296875 0.03203125
0 0.74375 0.315625 0.02890625 0.04375
0 0.7125 0.31796875 0.02734375 0.0484375
2 0.60859375 0.309375 0.01171875 0.0484375
0 0.8671875 0.31171875 0.01796875 0.02578125
0 0.1375 0.30546875 0.0296875 0.03203125