0 0.8921875 0.425 0.14921875 0.10703125
0 0.775 0.41875 0.12890625 0.07109375
2 0.45703125 0.4078125 0.01484375 0.06484375
2 0.4390625 0.3984375 0.0203125 0.05234375
2 0.51015625 0.4078125 0.00859375 0.0671875
2 0.50390625 0.41328125 0.0125 0.05859375
0 0.28828125 0.40703125 0.20234375 0.10859375
0 0.12421875 0.4015625 0.08046875 0.06328125
0 0.0546875 0.478125 0.109375 0.18125
0 0.0796875 0.3890625 0.0359375 0.0484375
0 0.02109375 0.38828125 0.0421875 0.04609375
2 0.05859375 0.3875 0.02734375 0.06640625