0 0.39609375 0.4171875 0.215625 0.0921875
2 0.5265625 0.41484375 0.0234375 0.06171875
2 0.56796875 0.4125 0.01015625 0.0609375
2 0.56171875 0.41796875 0.01953125 0.0546875
2 0.5015625 0.4046875 0.0109375 0.046875
2 0.48203125 0.390625 0.0109375 0.02265625
2 0.2796875 0.39609375 0.0125 0.0375
1 0.74609375 0.39375 0.3453125 0.13046875
0 0.1296875 0.40234375 0.0765625 0.059375
0 0.0609375 0.48359375 0.121875 0.1859375
0 0.0234375 0.3890625 0.04296875 0.046875
0 0.08359375 0.39296875 0.0328125 0.0515625
2 0.06015625 0.38984375 0.028125 0.06328125