3 0.4375 0.47109375 0.0546875 0.1546875
0 0.59375 0.4578125 0.11015625 0.1046875
0 0.725 0.45703125 0.175 0.1234375
3 0.29921875 0.421875 0.0171875 0.07109375
3 0.31171875 0.42578125 0.01875 0.059375
3 0.32421875 0.421875 0.0203125 0.05703125
3 0.36875 0.42421875 0.02265625 0.04765625
1 0.446875 0.4140625 0.10625 0.10546875
1 0.3765625 0.41015625 0.0453125 0.06015625
0 0.48984375 0.43203125 0.046875 0.05234375
0 0.78515625 0.42890625 0.07421875 0.0671875
0 0.4984375 0.41640625 0.04296875 0.04296875