0 0.6578125 0.77890625 0.0703125 0.12265625
0 0.7546875 0.7578125 0.09375 0.17109375
0 0.8640625 0.8203125 0.0546875 0.13671875
0 0.67265625 0.63828125 0.05 0.09140625
0 0.58671875 0.5796875 0.0359375 0.07109375
0 0.5328125 0.67265625 0.0421875 0.0796875
0 0.5265625 0.5671875 0.03125 0.05703125
0 0.55625 0.50546875 0.025 0.0484375
0 0.515625 0.496875 0.0234375 0.03671875
0 0.5421875 0.45859375 0.025 0.03984375
0 0.56015625 0.4375 0.0203125 0.04296875
0 0.58046875 0.4234375 0.01640625 0.02578125
0 0.6171875 0.546875 0.0359375 0.0625
1 0.6234375 0.4640625 0.04609375 0.09140625