0 0.43671875 0.7078125 0.13828125 0.2078125
0 0.2875 0.5015625 0.0734375 0.11171875
0 0.40625 0.4671875 0.065625 0.10390625
0 0.4703125 0.30859375 0.04375 0.04921875
0 0.31640625 0.35078125 0.0375 0.0625
0 0.371875 0.31015625 0.0421875 0.05703125
0 0.32890625 0.3015625 0.025 0.0625
0 0.40859375 0.26640625 0.02421875 0.03671875
0 0.43828125 0.26640625 0.0171875 0.025
0 0.334375 0.2453125 0.025 0.046875
0 0.36640625 0.253125 0.0203125 0.02734375
0 0.39375 0.25546875 0.01953125 0.02265625
0 0.428125 0.253125 0.01953125 0.02734375
0 0.3921875 0.24375 0.0265625 0.03125