0 0.04296875 0.48984375 0.0796875 0.0546875
0 0.38203125 0.4375 0.07265625 0.03203125
0 0.36171875 0.4046875 0.05234375 0.03515625
0 0.50859375 0.42265625 0.059375 0.02578125
0 0.434375 0.41875 0.07109375 0.03046875
0 0.56171875 0.40390625 0.05078125 0.0296875
0 0.50078125 0.403125 0.05234375 0.0265625
0 0.5140625 0.38515625 0.05625 0.025
0 0.69765625 0.38984375 0.04375 0.01953125
0 0.6203125 0.38984375 0.0359375 0.01953125
0 0.575 0.3859375 0.04765625 0.02421875
0 0.67109375 0.3734375 0.0375 0.02421875
0 0.6109375 0.3703125 0.021875 0.01796875
0 0.71796875 0.36640625 0.02578125 0.0203125
2 0.81015625 0.5375 0.05234375 0.0546875