0 0.29375 0.3796875 0.01640625 0.01953125
0 0.33046875 0.38515625 0.03046875 0.0265625
0 0.36171875 0.375 0.025 0.03359375
0 0.42265625 0.38671875 0.034375 0.03203125
0 0.46875 0.38671875 0.0453125 0.03515625
0 0.384375 0.37890625 0.01953125 0.021875
0 0.28125 0.3703125 0.00546875 0.00625
0 0.30546875 0.371875 0.0078125 0.00703125
0 0.25703125 0.3703125 0.0046875 0.00703125
0 0.31875 0.3703125 0.00625 0.00703125
0 0.76328125 0.3953125 0.10625 0.1078125
0 0.88671875 0.453125 0.2265625 0.1453125
2 0.23671875 0.4 0.01171875 0.05390625