1 0.59296875 0.33046875 0.24765625 0.128125
0 0.396875 0.2375 0.07109375 0.03203125
0 0.525 0.221875 0.065625 0.03046875
0 0.43984375 0.21484375 0.04453125 0.02578125
0 0.58046875 0.2109375 0.05078125 0.02109375
0 0.5859375 0.190625 0.03515625 0.01875
0 0.52578125 0.203125 0.05078125 0.021875
0 0.67578125 0.18046875 0.0390625 0.01953125
0 0.70859375 0.17578125 0.03515625 0.02578125
0 0.77890625 0.16796875 0.0359375 0.01953125
0 0.6484375 0.175 0.03125 0.0171875
0 0.6125 0.1859375 0.0203125 0.01484375
2 0.175 0.23828125 0.040625 0.034375