0 0.734375 0.875 0.17265625 0.21640625
0 0.74140625 0.584375 0.13203125 0.19296875
0 0.4921875 0.6 0.1015625 0.17109375
0 0.53125 0.35234375 0.06640625 0.0859375
0 0.44296875 0.2359375 0.03125 0.04765625
0 0.46484375 0.20390625 0.021875 0.03203125
0 0.4078125 0.21484375 0.01796875 0.03203125
0 0.384375 0.20234375 0.01484375 0.03359375
0 0.4796875 0.23671875 0.02265625 0.02734375
1 0.503125 0.20234375 0.02890625 0.05703125
0 0.434375 0.18046875 0.01171875 0.01953125
0 0.40234375 0.1828125 0.021875 0.02734375
0 0.46875 0.1734375 0.01171875 0.01953125
0 0.45078125 0.17890625 0.01171875 0.01328125
0 0.41640625 0.1796875 0.01015625 0.02421875