2 0.815625 0.54375 0.0484375 0.0625
0 0.14921875 0.4671875 0.10078125 0.04765625
0 0.4328125 0.42421875 0.075 0.03046875
0 0.55 0.41171875 0.0484375 0.03046875
0 0.47734375 0.4109375 0.05234375 0.0234375
0 0.4046875 0.4015625 0.05546875 0.02265625
0 0.59453125 0.39921875 0.05703125 0.021875
0 0.53046875 0.40390625 0.046875 0.02421875
0 0.72578125 0.3859375 0.03828125 0.01875
0 0.528125 0.38125 0.028125 0.0140625
0 0.59140625 0.38515625 0.0328125 0.0203125
0 0.55 0.38125 0.04140625 0.0265625
0 0.6328125 0.36875 0.0296875 0.01484375
0 0.68671875 0.37421875 0.04375 0.02734375
0 0.64140625 0.38671875 0.0328125 0.0234375
0 0.72734375 0.3640625 0.02421875 0.0125