0 0.36796875 0.72421875 0.10859375 0.1640625
0 0.415625 0.52734375 0.05 0.09609375
0 0.471875 0.48828125 0.03515625 0.0578125
0 0.5140625 0.46953125 0.0296875 0.0453125
0 0.5625 0.48671875 0.02890625 0.0375
0 0.42734375 0.4859375 0.0375 0.03828125
0 0.4296875 0.4578125 0.0296875 0.03671875
0 0.43203125 0.43125 0.021875 0.02890625
0 0.46796875 0.43828125 0.02421875 0.0296875
0 0.5375 0.44140625 0.0265625 0.0421875
0 0.50234375 0.44296875 0.02109375 0.02890625
0 0.40546875 0.440625 0.021875 0.02578125
1 0.5140625 0.40234375 0.02578125 0.040625